inputName,Total_Operators,Distinct_Operators,Total_Operands,Distinct_Operands,Program_Length,Vocabulary_Size,Program_Volume,Effort,Program_Level,Difficulty_Level,Time_To_Implement,Bugs_Delivered,Sloc,Decision_Point,Global_Variables,If,Loop,Goto,Assignment,Exit_Point,Function,Function_Call,Pointer_Dereferencing,Cyclomatic_Complexity,Syntactically_Reachable_Functions,Semantically_Reached_Functions,Coverage_Estimation,Main_Statements,==,!=,>,<,>=,<=,||,&&,++,--,=,-,*,/,%,+=,-=,*=,/=,%=,&,|,&=,^=,|=,<<,<<=,>>,>>=,+,^,~,+( ),-( ),!( ),~( ),For,While,Switch,Case,Break,Continue,Do,Char,short,int,double,float,long,signed,unsigned,[],array,struct,int8_t,uint8_t,int16_t,uint16_t,int32_t,uint32_t,int64_t,uint64_t,TARGET_TYPE,TARGET_INDEX,CFC,IOR,CR,DR_char_string,DR_int_real,DR_gpp,STR,LR,BMR,DR_bit,Agpp,Aasp
values_11,173 ,27 ,69 ,34 ,242 ,61 ,1435.24 ,39321.31 ,0.04 ,27.40 ,2184.52 ,0.39 ,22,3,1,3,2,0,11,2,2,1,0,5,2,2,100.0,2,0,0,0,3,0,0,0,0,2,0,7,10,0,0,0,0,0,0,0,0,0,0,0,0,0,0,0,0,0,1,0,0,0,0,0,0,2,0,0,0,0,0,0,6,4,8,0,2,12,14,14,6,1,0,0,1,0,0,0,0,0,0,1,1,0.36363636363636365,0,0.2727272727272727,0.08695652173913043,0.42028985507246375,0.5072463768115942,0.0,0.09090909090909091,0.0,0.391304347826087,0.8375270459537894,0.6182058912934862
values_19,179 ,27 ,74 ,39 ,253 ,66 ,1529.23 ,39171.86 ,0.04 ,25.62 ,2176.21 ,0.38 ,22,3,1,3,2,0,11,2,2,1,0,5,2,2,100.0,2,0,0,0,3,0,0,0,0,2,0,7,11,0,0,0,0,0,0,0,0,0,0,0,0,0,0,0,0,0,1,0,0,0,0,0,0,2,0,0,0,0,0,0,6,4,8,0,2,12,14,14,6,1,0,0,1,0,0,0,0,0,0,1,1,0.36363636363636365,0,0.2727272727272727,0.08108108108108109,0.3918918918918919,0.47297297297297297,0.0,0.09090909090909091,0.0,0.36486486486486486,0.8229517903833793,0.5840961484168833
values_12,157 ,27 ,58 ,23 ,215 ,50 ,1213.43 ,41309.35 ,0.03 ,34.04 ,2294.96 ,0.40 ,22,3,1,3,2,0,11,2,2,1,0,5,2,2,100.0,2,0,0,0,3,0,0,0,0,2,0,7,5,0,0,0,0,0,0,0,0,0,0,0,0,0,0,0,0,0,1,0,0,0,0,0,0,2,0,0,0,0,0,0,6,4,8,0,2,12,14,14,6,1,0,0,1,0,0,0,0,0,0,1,1,0.36363636363636365,0,0.2727272727272727,0.10344827586206896,0.5,0.603448275862069,0.0,0.09090909090909091,0.0,0.46551724137931033,0.8703018075775362,0.6980716831132715
values_38,155 ,27 ,56 ,21 ,211 ,48 ,1178.43 ,42423.38 ,0.03 ,36 ,2356.85 ,0.41 ,22,3,1,3,2,0,11,2,2,1,0,5,2,2,100.0,2,0,0,0,3,0,0,0,0,2,0,7,5,0,0,0,0,0,0,0,0,0,0,0,0,0,0,0,0,0,1,0,0,0,0,0,0,2,0,0,0,0,0,0,6,4,8,0,2,12,14,14,6,1,0,0,1,0,0,0,0,0,0,1,1,0.36363636363636365,0,0.2727272727272727,0.10714285714285714,0.5178571428571429,0.625,0.0,0.09090909090909091,0.0,0.48214285714285715,0.8763193861368493,0.7130575823491223
values_81,191 ,27 ,80 ,45 ,271 ,72 ,1672.05 ,40129.19 ,0.04 ,24 ,2229.40 ,0.39 ,22,3,1,3,2,0,11,2,2,1,0,5,2,2,100.0,2,0,0,0,3,0,0,0,0,2,0,7,17,0,0,0,0,0,0,0,0,0,0,0,0,0,0,0,0,0,1,0,0,0,0,0,0,2,0,0,0,0,0,0,6,4,8,0,2,12,14,14,6,1,0,0,1,0,0,0,0,0,0,1,1,0.36363636363636365,0,0.2727272727272727,0.075,0.3625,0.4375,0.0,0.09090909090909091,0.0,0.3375,0.8058366060635553,0.5454904062906542
values_5,163 ,27 ,62 ,27 ,225 ,54 ,1294.85 ,40140.34 ,0.03 ,31 ,2230.02 ,0.39 ,22,3,1,3,2,0,11,2,2,1,0,5,2,2,100.0,2,0,0,0,3,0,0,0,0,2,0,7,7,0,0,0,0,0,0,0,0,0,0,0,0,0,0,0,0,0,1,0,0,0,0,0,0,2,0,0,0,0,0,0,6,4,8,0,2,12,14,14,6,1,0,0,1,0,0,0,0,0,0,1,1,0.36363636363636365,0,0.2727272727272727,0.0967741935483871,0.46774193548387094,0.564516129032258,0.0,0.09090909090909091,0.0,0.43548387096774194,0.85830186678133,0.6684251257948038
values_40,157 ,27 ,59 ,24 ,216 ,51 ,1225.24 ,40662.78 ,0.03 ,33.19 ,2259.04 ,0.39 ,22,3,1,3,2,0,11,2,2,1,0,5,2,2,100.0,2,0,0,0,3,0,0,0,0,2,0,7,4,0,0,0,0,0,0,0,0,0,0,0,0,0,0,0,0,0,1,0,0,0,0,0,0,2,0,0,0,0,0,0,6,4,8,0,2,12,14,14,6,1,0,0,1,0,0,0,0,0,0,1,1,0.36363636363636365,0,0.2727272727272727,0.1016949152542373,0.4915254237288136,0.5932203389830508,0.0,0.09090909090909091,0.0,0.4576271186440678,0.8672963041752912,0.6906131755679562
values_70,171 ,27 ,70 ,35 ,241 ,62 ,1434.96 ,38743.96 ,0.04 ,27 ,2152.44 ,0.38 ,22,3,1,3,2,0,11,2,2,1,0,5,2,2,100.0,2,0,0,0,3,0,0,0,0,2,0,7,7,0,0,0,0,0,0,0,0,0,0,0,0,0,0,0,0,0,1,0,0,0,0,0,0,2,0,0,0,0,0,0,6,4,8,0,2,12,14,14,6,1,0,0,1,0,0,0,0,0,0,1,1,0.36363636363636365,0,0.2727272727272727,0.08571428571428572,0.4142857142857143,0.5,0.0,0.09090909090909091,0.0,0.38571428571428573,0.8345918366651439,0.6112538386014243
values_23,190 ,27 ,80 ,45 ,270 ,72 ,1665.88 ,39981.11 ,0.04 ,24 ,2221.17 ,0.39 ,22,3,1,3,2,0,11,2,2,1,0,5,2,2,100.0,2,0,0,0,3,0,0,0,0,2,0,7,16,0,0,0,0,0,0,0,0,0,0,0,0,0,0,0,0,0,1,0,0,0,0,0,0,2,0,0,0,0,0,0,6,4,8,0,2,12,14,14,6,1,0,0,1,0,0,0,0,0,0,1,1,0.36363636363636365,0,0.2727272727272727,0.075,0.3625,0.4375,0.0,0.09090909090909091,0.0,0.3375,0.8058366060635553,0.5454904062906542
values_72,162 ,27 ,60 ,25 ,222 ,52 ,1265.50 ,41002.12 ,0.03 ,32.40 ,2277.90 ,0.40 ,22,3,1,3,2,0,11,2,2,1,0,5,2,2,100.0,2,0,0,0,3,0,0,0,0,2,0,7,8,0,0,0,0,0,0,0,0,0,0,0,0,0,0,0,0,0,1,0,0,0,0,0,0,2,0,0,0,0,0,0,6,4,8,0,2,12,14,14,6,1,0,0,1,0,0,0,0,0,0,1,1,0.36363636363636365,0,0.2727272727272727,0.1,0.48333333333333334,0.5833333333333334,0.0,0.09090909090909091,0.0,0.45,0.8642940038537685,0.6831832640940858
values_79,190 ,27 ,79 ,44 ,269 ,71 ,1654.28 ,40097.54 ,0.04 ,24.24 ,2227.64 ,0.39 ,22,3,1,3,2,0,11,2,2,1,0,5,2,2,100.0,2,0,0,0,3,0,0,0,0,2,0,7,17,0,0,0,0,0,0,0,0,0,0,0,0,0,0,0,0,0,1,0,0,0,0,0,0,2,0,0,0,0,0,0,6,4,8,0,2,12,14,14,6,1,0,0,1,0,0,0,0,0,0,1,1,0.36363636363636365,0,0.2727272727272727,0.0759493670886076,0.3670886075949367,0.44303797468354433,0.0,0.09090909090909091,0.0,0.34177215189873417,0.8086578498672482,0.5517377877647609
values_78,177 ,27 ,72 ,37 ,249 ,64 ,1494 ,39247.78 ,0.04 ,26.27 ,2180.43 ,0.38 ,22,3,1,3,2,0,11,2,2,1,0,5,2,2,100.0,2,0,0,0,3,0,0,0,0,2,0,7,11,0,0,0,0,0,0,0,0,0,0,0,0,0,0,0,0,0,1,0,0,0,0,0,0,2,0,0,0,0,0,0,6,4,8,0,2,12,14,14,6,1,0,0,1,0,0,0,0,0,0,1,1,0.36363636363636365,0,0.2727272727272727,0.08333333333333333,0.4027777777777778,0.4861111111111111,0.0,0.09090909090909091,0.0,0.375,0.8287508038247262,0.5975409912408765
values_87,157 ,27 ,59 ,24 ,216 ,51 ,1225.24 ,40662.78 ,0.03 ,33.19 ,2259.04 ,0.39 ,22,3,1,3,2,0,11,2,2,1,0,5,2,2,100.0,2,0,0,0,3,0,0,0,0,2,0,7,4,0,0,0,0,0,0,0,0,0,0,0,0,0,0,0,0,0,1,0,0,0,0,0,0,2,0,0,0,0,0,0,6,4,8,0,2,12,14,14,6,1,0,0,1,0,0,0,0,0,0,1,1,0.36363636363636365,0,0.2727272727272727,0.1016949152542373,0.4915254237288136,0.5932203389830508,0.0,0.09090909090909091,0.0,0.4576271186440678,0.8672963041752912,0.6906131755679562
values_6,149 ,27 ,52 ,17 ,201 ,44 ,1097.35 ,45313.92 ,0.02 ,41.29 ,2517.44 ,0.42 ,22,3,1,3,2,0,11,2,2,1,0,5,2,2,100.0,2,0,0,0,3,0,0,0,0,2,0,7,3,0,0,0,0,0,0,0,0,0,0,0,0,0,0,0,0,0,1,0,0,0,0,0,0,2,0,0,0,0,0,0,6,4,8,0,2,12,14,14,6,1,0,0,1,0,0,0,0,0,0,1,1,0.36363636363636365,0,0.2727272727272727,0.11538461538461539,0.5576923076923077,0.6730769230769231,0.0,0.09090909090909091,0.0,0.5192307692307693,0.8883577474297277,0.7431777561672954
values_68,156 ,27 ,58 ,23 ,214 ,50 ,1207.79 ,41117.21 ,0.03 ,34.04 ,2284.29 ,0.40 ,22,3,1,3,2,0,11,2,2,1,0,5,2,2,100.0,2,0,0,0,3,0,0,0,0,2,0,7,4,0,0,0,0,0,0,0,0,0,0,0,0,0,0,0,0,0,1,0,0,0,0,0,0,2,0,0,0,0,0,0,6,4,8,0,2,12,14,14,6,1,0,0,1,0,0,0,0,0,0,1,1,0.36363636363636365,0,0.2727272727272727,0.10344827586206896,0.5,0.603448275862069,0.0,0.09090909090909091,0.0,0.46551724137931033,0.8703018075775362,0.6980716831132715
values_69,153 ,27 ,56 ,21 ,209 ,48 ,1167.26 ,42021.26 ,0.03 ,36 ,2334.51 ,0.40 ,22,3,1,3,2,0,11,2,2,1,0,5,2,2,100.0,2,0,0,0,3,0,0,0,0,2,0,7,3,0,0,0,0,0,0,0,0,0,0,0,0,0,0,0,0,0,1,0,0,0,0,0,0,2,0,0,0,0,0,0,6,4,8,0,2,12,14,14,6,1,0,0,1,0,0,0,0,0,0,1,1,0.36363636363636365,0,0.2727272727272727,0.10714285714285714,0.5178571428571429,0.625,0.0,0.09090909090909091,0.0,0.48214285714285715,0.8763193861368493,0.7130575823491223
values_1,177 ,27 ,69 ,34 ,246 ,61 ,1458.96 ,39971.25 ,0.04 ,27.40 ,2220.63 ,0.39 ,22,3,1,3,2,0,11,2,2,1,0,5,2,2,100.0,2,0,0,0,3,0,0,0,0,2,0,7,14,0,0,0,0,0,0,0,0,0,0,0,0,0,0,0,0,0,1,0,0,0,0,0,0,2,0,0,0,0,0,0,6,4,8,0,2,12,14,14,6,1,0,0,1,0,0,0,0,0,0,1,1,0.36363636363636365,0,0.2727272727272727,0.08695652173913043,0.42028985507246375,0.5072463768115942,0.0,0.09090909090909091,0.0,0.391304347826087,0.8375270459537894,0.6182058912934862
values_45,191 ,27 ,79 ,44 ,270 ,71 ,1660.43 ,40246.60 ,0.04 ,24.24 ,2235.92 ,0.39 ,22,3,1,3,2,0,11,2,2,1,0,5,2,2,100.0,2,0,0,0,3,0,0,0,0,2,0,7,18,0,0,0,0,0,0,0,0,0,0,0,0,0,0,0,0,0,1,0,0,0,0,0,0,2,0,0,0,0,0,0,6,4,8,0,2,12,14,14,6,1,0,0,1,0,0,0,0,0,0,1,1,0.36363636363636365,0,0.2727272727272727,0.0759493670886076,0.3670886075949367,0.44303797468354433,0.0,0.09090909090909091,0.0,0.34177215189873417,0.8086578498672482,0.5517377877647609
values_33,154 ,27 ,57 ,22 ,211 ,49 ,1184.70 ,41437.71 ,0.03 ,34.98 ,2302.09 ,0.40 ,22,3,1,3,2,0,11,2,2,1,0,5,2,2,100.0,2,0,0,0,3,0,0,0,0,2,0,7,3,0,0,0,0,0,0,0,0,0,0,0,0,0,0,0,0,0,1,0,0,0,0,0,0,2,0,0,0,0,0,0,6,4,8,0,2,12,14,14,6,1,0,0,1,0,0,0,0,0,0,1,1,0.36363636363636365,0,0.2727272727272727,0.10526315789473684,0.5087719298245614,0.6140350877192983,0.0,0.09090909090909091,0.0,0.47368421052631576,0.8733097625611431,0.7055546015767127
values_15,187 ,27 ,78 ,43 ,265 ,70 ,1624.26 ,39775.48 ,0.04 ,24.49 ,2209.75 ,0.39 ,22,3,1,3,2,0,11,2,2,1,0,5,2,2,100.0,2,0,0,0,3,0,0,0,0,2,0,7,15,0,0,0,0,0,0,0,0,0,0,0,0,0,0,0,0,0,1,0,0,0,0,0,0,2,0,0,0,0,0,0,6,4,8,0,2,12,14,14,6,1,0,0,1,0,0,0,0,0,0,1,1,0.36363636363636365,0,0.2727272727272727,0.07692307692307693,0.3717948717948718,0.44871794871794873,0.0,0.09090909090909091,0.0,0.34615384615384615,0.811492013957779,0.5580612076470005
values_93,160 ,27 ,61 ,26 ,221 ,53 ,1265.87 ,40094.01 ,0.03 ,31.67 ,2227.45 ,0.39 ,22,3,1,3,2,0,11,2,2,1,0,5,2,2,100.0,2,0,0,0,3,0,0,0,0,2,0,7,5,0,0,0,0,0,0,0,0,0,0,0,0,0,0,0,0,0,1,0,0,0,0,0,0,2,0,0,0,0,0,0,6,4,8,0,2,12,14,14,6,1,0,0,1,0,0,0,0,0,0,1,1,0.36363636363636365,0,0.2727272727272727,0.09836065573770492,0.47540983606557374,0.5737704918032787,0.0,0.09090909090909091,0.0,0.4426229508196721,0.8612956275909336,0.6757859657787789
values_24,153 ,27 ,56 ,21 ,209 ,48 ,1167.26 ,42021.26 ,0.03 ,36 ,2334.51 ,0.40 ,22,3,1,3,2,0,11,2,2,1,0,5,2,2,100.0,2,0,0,0,3,0,0,0,0,2,0,7,3,0,0,0,0,0,0,0,0,0,0,0,0,0,0,0,0,0,1,0,0,0,0,0,0,2,0,0,0,0,0,0,6,4,8,0,2,12,14,14,6,1,0,0,1,0,0,0,0,0,0,1,1,0.36363636363636365,0,0.2727272727272727,0.10714285714285714,0.5178571428571429,0.625,0.0,0.09090909090909091,0.0,0.48214285714285715,0.8763193861368493,0.7130575823491223
values_25,176 ,27 ,71 ,36 ,247 ,63 ,1476.39 ,39308.83 ,0.04 ,26.62 ,2183.82 ,0.39 ,22,3,1,3,2,0,11,2,2,1,0,5,2,2,100.0,2,0,0,0,3,0,0,0,0,2,0,7,11,0,0,0,0,0,0,0,0,0,0,0,0,0,0,0,0,0,1,0,0,0,0,0,0,2,0,0,0,0,0,0,6,4,8,0,2,12,14,14,6,1,0,0,1,0,0,0,0,0,0,1,1,0.36363636363636365,0,0.2727272727272727,0.08450704225352113,0.4084507042253521,0.49295774647887325,0.0,0.09090909090909091,0.0,0.38028169014084506,0.8316662755024893,0.6043648470659476
values_26,151 ,27 ,55 ,20 ,206 ,47 ,1144.25 ,42480.11 ,0.03 ,37.12 ,2360.01 ,0.41 ,22,3,1,3,2,0,11,2,2,1,0,5,2,2,100.0,2,0,0,0,3,0,0,0,0,2,0,7,2,0,0,0,0,0,0,0,0,0,0,0,0,0,0,0,0,0,1,0,0,0,0,0,0,2,0,0,0,0,0,0,6,4,8,0,2,12,14,14,6,1,0,0,1,0,0,0,0,0,0,1,1,0.36363636363636365,0,0.2727272727272727,0.10909090909090909,0.5272727272727272,0.6363636363636364,0.0,0.09090909090909091,0.0,0.4909090909090909,0.8793298628248477,0.7205761187291644
values_48,148 ,27 ,52 ,17 ,200 ,44 ,1091.89 ,45088.48 ,0.02 ,41.29 ,2504.92 ,0.42 ,22,3,1,3,2,0,11,2,2,1,0,5,2,2,100.0,2,0,0,0,3,0,0,0,0,2,0,7,2,0,0,0,0,0,0,0,0,0,0,0,0,0,0,0,0,0,1,0,0,0,0,0,0,2,0,0,0,0,0,0,6,4,8,0,2,12,14,14,6,1,0,0,1,0,0,0,0,0,0,1,1,0.36363636363636365,0,0.2727272727272727,0.11538461538461539,0.5576923076923077,0.6730769230769231,0.0,0.09090909090909091,0.0,0.5192307692307693,0.8883577474297277,0.7431777561672954
values_71,167 ,27 ,64 ,29 ,231 ,56 ,1341.50 ,39967.42 ,0.03 ,29.79 ,2220.41 ,0.39 ,22,3,1,3,2,0,11,2,2,1,0,5,2,2,100.0,2,0,0,0,3,0,0,0,0,2,0,7,9,0,0,0,0,0,0,0,0,0,0,0,0,0,0,0,0,0,1,0,0,0,0,0,0,2,0,0,0,0,0,0,6,4,8,0,2,12,14,14,6,1,0,0,1,0,0,0,0,0,0,1,1,0.36363636363636365,0,0.2727272727272727,0.09375,0.453125,0.546875,0.0,0.09090909090909091,0.0,0.421875,0.8523308146086602,0.6538273241895304
values_76,170 ,27 ,69 ,34 ,239 ,61 ,1417.45 ,38833.86 ,0.04 ,27.40 ,2157.44 ,0.38 ,22,3,1,3,2,0,11,2,2,1,0,5,2,2,100.0,2,0,0,0,3,0,0,0,0,2,0,7,7,0,0,0,0,0,0,0,0,0,0,0,0,0,0,0,0,0,1,0,0,0,0,0,0,2,0,0,0,0,0,0,6,4,8,0,2,12,14,14,6,1,0,0,1,0,0,0,0,0,0,1,1,0.36363636363636365,0,0.2727272727272727,0.08695652173913043,0.42028985507246375,0.5072463768115942,0.0,0.09090909090909091,0.0,0.391304347826087,0.8375270459537894,0.6182058912934862
values_7,179 ,27 ,72 ,37 ,251 ,64 ,1506 ,39563.03 ,0.04 ,26.27 ,2197.95 ,0.39 ,22,3,1,3,2,0,11,2,2,1,0,5,2,2,100.0,2,0,0,0,3,0,0,0,0,2,0,7,13,0,0,0,0,0,0,0,0,0,0,0,0,0,0,0,0,0,1,0,0,0,0,0,0,2,0,0,0,0,0,0,6,4,8,0,2,12,14,14,6,1,0,0,1,0,0,0,0,0,0,1,1,0.36363636363636365,0,0.2727272727272727,0.08333333333333333,0.4027777777777778,0.4861111111111111,0.0,0.09090909090909091,0.0,0.375,0.8287508038247262,0.5975409912408765
values_50,159 ,27 ,60 ,25 ,219 ,52 ,1248.40 ,40448.04 ,0.03 ,32.40 ,2247.11 ,0.39 ,22,3,1,3,2,0,11,2,2,1,0,5,2,2,100.0,2,0,0,0,3,0,0,0,0,2,0,7,5,0,0,0,0,0,0,0,0,0,0,0,0,0,0,0,0,0,1,0,0,0,0,0,0,2,0,0,0,0,0,0,6,4,8,0,2,12,14,14,6,1,0,0,1,0,0,0,0,0,0,1,1,0.36363636363636365,0,0.2727272727272727,0.1,0.48333333333333334,0.5833333333333334,0.0,0.09090909090909091,0.0,0.45,0.8642940038537685,0.6831832640940858
values_22,161 ,27 ,62 ,27 ,223 ,54 ,1283.34 ,39783.54 ,0.03 ,31 ,2210.20 ,0.39 ,22,3,1,3,2,0,11,2,2,1,0,5,2,2,100.0,2,0,0,0,3,0,0,0,0,2,0,7,5,0,0,0,0,0,0,0,0,0,0,0,0,0,0,0,0,0,1,0,0,0,0,0,0,2,0,0,0,0,0,0,6,4,8,0,2,12,14,14,6,1,0,0,1,0,0,0,0,0,0,1,1,0.36363636363636365,0,0.2727272727272727,0.0967741935483871,0.46774193548387094,0.564516129032258,0.0,0.09090909090909091,0.0,0.43548387096774194,0.85830186678133,0.6684251257948038
values_4,154 ,27 ,57 ,22 ,211 ,49 ,1184.70 ,41437.71 ,0.03 ,34.98 ,2302.09 ,0.40 ,22,3,1,3,2,0,11,2,2,1,0,5,2,2,100.0,2,0,0,0,3,0,0,0,0,2,0,7,3,0,0,0,0,0,0,0,0,0,0,0,0,0,0,0,0,0,1,0,0,0,0,0,0,2,0,0,0,0,0,0,6,4,8,0,2,12,14,14,6,1,0,0,1,0,0,0,0,0,0,1,1,0.36363636363636365,0,0.2727272727272727,0.10526315789473684,0.5087719298245614,0.6140350877192983,0.0,0.09090909090909091,0.0,0.47368421052631576,0.8733097625611431,0.7055546015767127
values_32,147 ,27 ,52 ,17 ,199 ,44 ,1086.43 ,44863.04 ,0.02 ,41.29 ,2492.39 ,0.42 ,22,3,1,3,2,0,11,2,2,1,0,5,2,2,100.0,2,0,0,0,3,0,0,0,0,2,0,7,1,0,0,0,0,0,0,0,0,0,0,0,0,0,0,0,0,0,1,0,0,0,0,0,0,2,0,0,0,0,0,0,6,4,8,0,2,12,14,14,6,1,0,0,1,0,0,0,0,0,0,1,1,0.36363636363636365,0,0.2727272727272727,0.11538461538461539,0.5576923076923077,0.6730769230769231,0.0,0.09090909090909091,0.0,0.5192307692307693,0.8883577474297277,0.7431777561672954
values_77,156 ,27 ,59 ,24 ,215 ,51 ,1219.57 ,40474.53 ,0.03 ,33.19 ,2248.58 ,0.39 ,22,3,1,3,2,0,11,2,2,1,0,5,2,2,100.0,2,0,0,0,3,0,0,0,0,2,0,7,3,0,0,0,0,0,0,0,0,0,0,0,0,0,0,0,0,0,1,0,0,0,0,0,0,2,0,0,0,0,0,0,6,4,8,0,2,12,14,14,6,1,0,0,1,0,0,0,0,0,0,1,1,0.36363636363636365,0,0.2727272727272727,0.1016949152542373,0.4915254237288136,0.5932203389830508,0.0,0.09090909090909091,0.0,0.4576271186440678,0.8672963041752912,0.6906131755679562
values_91,179 ,27 ,75 ,40 ,254 ,67 ,1540.79 ,39001.16 ,0.04 ,25.31 ,2166.73 ,0.38 ,22,3,1,3,2,0,11,2,2,1,0,5,2,2,100.0,2,0,0,0,3,0,0,0,0,2,0,7,10,0,0,0,0,0,0,0,0,0,0,0,0,0,0,0,0,0,1,0,0,0,0,0,0,2,0,0,0,0,0,0,6,4,8,0,2,12,14,14,6,1,0,0,1,0,0,0,0,0,0,1,1,0.36363636363636365,0,0.2727272727272727,0.08,0.38666666666666666,0.4666666666666667,0.0,0.09090909090909091,0.0,0.36,0.820069029325662,0.5774784855848725
values_42,160 ,27 ,60 ,25 ,220 ,52 ,1254.10 ,40632.73 ,0.03 ,32.40 ,2257.37 ,0.39 ,22,3,1,3,2,0,11,2,2,1,0,5,2,2,100.0,2,0,0,0,3,0,0,0,0,2,0,7,6,0,0,0,0,0,0,0,0,0,0,0,0,0,0,0,0,0,1,0,0,0,0,0,0,2,0,0,0,0,0,0,6,4,8,0,2,12,14,14,6,1,0,0,1,0,0,0,0,0,0,1,1,0.36363636363636365,0,0.2727272727272727,0.1,0.48333333333333334,0.5833333333333334,0.0,0.09090909090909091,0.0,0.45,0.8642940038537685,0.6831832640940858
values_13,168 ,27 ,64 ,29 ,232 ,56 ,1347.31 ,40140.44 ,0.03 ,29.79 ,2230.02 ,0.39 ,22,3,1,3,2,0,11,2,2,1,0,5,2,2,100.0,2,0,0,0,3,0,0,0,0,2,0,7,10,0,0,0,0,0,0,0,0,0,0,0,0,0,0,0,0,0,1,0,0,0,0,0,0,2,0,0,0,0,0,0,6,4,8,0,2,12,14,14,6,1,0,0,1,0,0,0,0,0,0,1,1,0.36363636363636365,0,0.2727272727272727,0.09375,0.453125,0.546875,0.0,0.09090909090909091,0.0,0.421875,0.8523308146086602,0.6538273241895304
values_41,159 ,27 ,60 ,25 ,219 ,52 ,1248.40 ,40448.04 ,0.03 ,32.40 ,2247.11 ,0.39 ,22,3,1,3,2,0,11,2,2,1,0,5,2,2,100.0,2,0,0,0,3,0,0,0,0,2,0,7,5,0,0,0,0,0,0,0,0,0,0,0,0,0,0,0,0,0,1,0,0,0,0,0,0,2,0,0,0,0,0,0,6,4,8,0,2,12,14,14,6,1,0,0,1,0,0,0,0,0,0,1,1,0.36363636363636365,0,0.2727272727272727,0.1,0.48333333333333334,0.5833333333333334,0.0,0.09090909090909091,0.0,0.45,0.8642940038537685,0.6831832640940858
values_55,162 ,27 ,61 ,26 ,223 ,53 ,1277.33 ,40456.85 ,0.03 ,31.67 ,2247.60 ,0.39 ,22,3,1,3,2,0,11,2,2,1,0,5,2,2,100.0,2,0,0,0,3,0,0,0,0,2,0,7,7,0,0,0,0,0,0,0,0,0,0,0,0,0,0,0,0,0,1,0,0,0,0,0,0,2,0,0,0,0,0,0,6,4,8,0,2,12,14,14,6,1,0,0,1,0,0,0,0,0,0,1,1,0.36363636363636365,0,0.2727272727272727,0.09836065573770492,0.47540983606557374,0.5737704918032787,0.0,0.09090909090909091,0.0,0.4426229508196721,0.8612956275909336,0.6757859657787789
values_31,157 ,27 ,57 ,22 ,214 ,49 ,1201.55 ,42026.87 ,0.03 ,34.98 ,2334.83 ,0.40 ,22,3,1,3,2,0,11,2,2,1,0,5,2,2,100.0,2,0,0,0,3,0,0,0,0,2,0,7,6,0,0,0,0,0,0,0,0,0,0,0,0,0,0,0,0,0,1,0,0,0,0,0,0,2,0,0,0,0,0,0,6,4,8,0,2,12,14,14,6,1,0,0,1,0,0,0,0,0,0,1,1,0.36363636363636365,0,0.2727272727272727,0.10526315789473684,0.5087719298245614,0.6140350877192983,0.0,0.09090909090909091,0.0,0.47368421052631576,0.8733097625611431,0.7055546015767127
values_66,188 ,27 ,78 ,43 ,266 ,70 ,1630.39 ,39925.58 ,0.04 ,24.49 ,2218.09 ,0.39 ,22,3,1,3,2,0,11,2,2,1,0,5,2,2,100.0,2,0,0,0,3,0,0,0,0,2,0,7,16,0,0,0,0,0,0,0,0,0,0,0,0,0,0,0,0,0,1,0,0,0,0,0,0,2,0,0,0,0,0,0,6,4,8,0,2,12,14,14,6,1,0,0,1,0,0,0,0,0,0,1,1,0.36363636363636365,0,0.2727272727272727,0.07692307692307693,0.3717948717948718,0.44871794871794873,0.0,0.09090909090909091,0.0,0.34615384615384615,0.811492013957779,0.5580612076470005
values_65,165 ,27 ,63 ,28 ,228 ,55 ,1318.15 ,40038.81 ,0.03 ,30.38 ,2224.38 ,0.39 ,22,3,1,3,2,0,11,2,2,1,0,5,2,2,100.0,2,0,0,0,3,0,0,0,0,2,0,7,8,0,0,0,0,0,0,0,0,0,0,0,0,0,0,0,0,0,1,0,0,0,0,0,0,2,0,0,0,0,0,0,6,4,8,0,2,12,14,14,6,1,0,0,1,0,0,0,0,0,0,1,1,0.36363636363636365,0,0.2727272727272727,0.09523809523809523,0.4603174603174603,0.5555555555555556,0.0,0.09090909090909091,0.0,0.42857142857142855,0.8553133841449913,0.6611044143158957
values_62,169 ,27 ,64 ,29 ,233 ,56 ,1353.11 ,40313.46 ,0.03 ,29.79 ,2239.64 ,0.39 ,22,3,1,3,2,0,11,2,2,1,0,5,2,2,100.0,2,0,0,0,3,0,0,0,0,2,0,7,11,0,0,0,0,0,0,0,0,0,0,0,0,0,0,0,0,0,1,0,0,0,0,0,0,2,0,0,0,0,0,0,6,4,8,0,2,12,14,14,6,1,0,0,1,0,0,0,0,0,0,1,1,0.36363636363636365,0,0.2727272727272727,0.09375,0.453125,0.546875,0.0,0.09090909090909091,0.0,0.421875,0.8523308146086602,0.6538273241895304
values_21,175 ,27 ,69 ,34 ,244 ,61 ,1447.10 ,39646.28 ,0.04 ,27.40 ,2202.57 ,0.39 ,22,3,1,3,2,0,11,2,2,1,0,5,2,2,100.0,2,0,0,0,3,0,0,0,0,2,0,7,12,0,0,0,0,0,0,0,0,0,0,0,0,0,0,0,0,0,1,0,0,0,0,0,0,2,0,0,0,0,0,0,6,4,8,0,2,12,14,14,6,1,0,0,1,0,0,0,0,0,0,1,1,0.36363636363636365,0,0.2727272727272727,0.08695652173913043,0.42028985507246375,0.5072463768115942,0.0,0.09090909090909091,0.0,0.391304347826087,0.8375270459537894,0.6182058912934862
values_95,151 ,27 ,54 ,19 ,205 ,46 ,1132.33 ,43445.72 ,0.03 ,38.37 ,2413.65 ,0.41 ,22,3,1,3,2,0,11,2,2,1,0,5,2,2,100.0,2,0,0,0,3,0,0,0,0,2,0,7,3,0,0,0,0,0,0,0,0,0,0,0,0,0,0,0,0,0,1,0,0,0,0,0,0,2,0,0,0,0,0,0,6,4,8,0,2,12,14,14,6,1,0,0,1,0,0,0,0,0,0,1,1,0.36363636363636365,0,0.2727272727272727,0.1111111111111111,0.5370370370370371,0.6481481481481481,0.0,0.09090909090909091,0.0,0.5,0.8823403436202849,0.7281055520234063
values_84,187 ,27 ,79 ,44 ,266 ,71 ,1635.83 ,39650.35 ,0.04 ,24.24 ,2202.80 ,0.39 ,22,3,1,3,2,0,11,2,2,1,0,5,2,2,100.0,2,0,0,0,3,0,0,0,0,2,0,7,14,0,0,0,0,0,0,0,0,0,0,0,0,0,0,0,0,0,1,0,0,0,0,0,0,2,0,0,0,0,0,0,6,4,8,0,2,12,14,14,6,1,0,0,1,0,0,0,0,0,0,1,1,0.36363636363636365,0,0.2727272727272727,0.0759493670886076,0.3670886075949367,0.44303797468354433,0.0,0.09090909090909091,0.0,0.34177215189873417,0.8086578498672482,0.5517377877647609
values_58,176 ,27 ,69 ,34 ,245 ,61 ,1453.03 ,39808.77 ,0.04 ,27.40 ,2211.60 ,0.39 ,22,3,1,3,2,0,11,2,2,1,0,5,2,2,100.0,2,0,0,0,3,0,0,0,0,2,0,7,13,0,0,0,0,0,0,0,0,0,0,0,0,0,0,0,0,0,1,0,0,0,0,0,0,2,0,0,0,0,0,0,6,4,8,0,2,12,14,14,6,1,0,0,1,0,0,0,0,0,0,1,1,0.36363636363636365,0,0.2727272727272727,0.08695652173913043,0.42028985507246375,0.5072463768115942,0.0,0.09090909090909091,0.0,0.391304347826087,0.8375270459537894,0.6182058912934862
values_64,173 ,27 ,70 ,35 ,243 ,62 ,1446.87 ,39065.48 ,0.04 ,27 ,2170.30 ,0.38 ,22,3,1,3,2,0,11,2,2,1,0,5,2,2,100.0,2,0,0,0,3,0,0,0,0,2,0,7,9,0,0,0,0,0,0,0,0,0,0,0,0,0,0,0,0,0,1,0,0,0,0,0,0,2,0,0,0,0,0,0,6,4,8,0,2,12,14,14,6,1,0,0,1,0,0,0,0,0,0,1,1,0.36363636363636365,0,0.2727272727272727,0.08571428571428572,0.4142857142857143,0.5,0.0,0.09090909090909091,0.0,0.38571428571428573,0.8345918366651439,0.6112538386014243
values_83,154 ,27 ,55 ,20 ,209 ,47 ,1160.91 ,43098.75 ,0.03 ,37.12 ,2394.37 ,0.41 ,22,3,1,3,2,0,11,2,2,1,0,5,2,2,100.0,2,0,0,0,3,0,0,0,0,2,0,7,5,0,0,0,0,0,0,0,0,0,0,0,0,0,0,0,0,0,1,0,0,0,0,0,0,2,0,0,0,0,0,0,6,4,8,0,2,12,14,14,6,1,0,0,1,0,0,0,0,0,0,1,1,0.36363636363636365,0,0.2727272727272727,0.10909090909090909,0.5272727272727272,0.6363636363636364,0.0,0.09090909090909091,0.0,0.4909090909090909,0.8793298628248477,0.7205761187291644
values_94,178 ,27 ,72 ,37 ,250 ,64 ,1500 ,39405.41 ,0.04 ,26.27 ,2189.19 ,0.39 ,22,3,1,3,2,0,11,2,2,1,0,5,2,2,100.0,2,0,0,0,3,0,0,0,0,2,0,7,12,0,0,0,0,0,0,0,0,0,0,0,0,0,0,0,0,0,1,0,0,0,0,0,0,2,0,0,0,0,0,0,6,4,8,0,2,12,14,14,6,1,0,0,1,0,0,0,0,0,0,1,1,0.36363636363636365,0,0.2727272727272727,0.08333333333333333,0.4027777777777778,0.4861111111111111,0.0,0.09090909090909091,0.0,0.375,0.8287508038247262,0.5975409912408765
values_0,168 ,27 ,66 ,31 ,234 ,58 ,1370.77 ,39398.51 ,0.03 ,28.74 ,2188.81 ,0.39 ,22,3,1,3,2,0,11,2,2,1,0,5,2,2,100.0,2,0,0,0,3,0,0,0,0,2,0,7,8,0,0,0,0,0,0,0,0,0,0,0,0,0,0,0,0,0,1,0,0,0,0,0,0,2,0,0,0,0,0,0,6,4,8,0,2,12,14,14,6,1,0,0,1,0,0,0,0,0,0,1,1,0.36363636363636365,0,0.2727272727272727,0.09090909090909091,0.4393939393939394,0.5303030303030303,0.0,0.09090909090909091,0.0,0.4090909090909091,0.8463858206800509,0.6394170839833676
values_99,151 ,27 ,54 ,19 ,205 ,46 ,1132.33 ,43445.72 ,0.03 ,38.37 ,2413.65 ,0.41 ,22,3,1,3,2,0,11,2,2,1,0,5,2,2,100.0,2,0,0,0,3,0,0,0,0,2,0,7,3,0,0,0,0,0,0,0,0,0,0,0,0,0,0,0,0,0,1,0,0,0,0,0,0,2,0,0,0,0,0,0,6,4,8,0,2,12,14,14,6,1,0,0,1,0,0,0,0,0,0,1,1,0.36363636363636365,0,0.2727272727272727,0.1111111111111111,0.5370370370370371,0.6481481481481481,0.0,0.09090909090909091,0.0,0.5,0.8823403436202849,0.7281055520234063
values_96,148 ,27 ,53 ,18 ,201 ,45 ,1103.86 ,43878.53 ,0.03 ,39.75 ,2437.70 ,0.41 ,22,3,1,3,2,0,11,2,2,1,0,5,2,2,100.0,2,0,0,0,3,0,0,0,0,2,0,7,1,0,0,0,0,0,0,0,0,0,0,0,0,0,0,0,0,0,1,0,0,0,0,0,0,2,0,0,0,0,0,0,6,4,8,0,2,12,14,14,6,1,0,0,1,0,0,0,0,0,0,1,1,0.36363636363636365,0,0.2727272727272727,0.11320754716981132,0.5471698113207547,0.660377358490566,0.0,0.09090909090909091,0.0,0.5094339622641509,0.8853499449230342,0.7356410783577949
values_67,154 ,27 ,55 ,20 ,209 ,47 ,1160.91 ,43098.75 ,0.03 ,37.12 ,2394.37 ,0.41 ,22,3,1,3,2,0,11,2,2,1,0,5,2,2,100.0,2,0,0,0,3,0,0,0,0,2,0,7,5,0,0,0,0,0,0,0,0,0,0,0,0,0,0,0,0,0,1,0,0,0,0,0,0,2,0,0,0,0,0,0,6,4,8,0,2,12,14,14,6,1,0,0,1,0,0,0,0,0,0,1,1,0.36363636363636365,0,0.2727272727272727,0.10909090909090909,0.5272727272727272,0.6363636363636364,0.0,0.09090909090909091,0.0,0.4909090909090909,0.8793298628248477,0.7205761187291644
values_61,154 ,27 ,55 ,20 ,209 ,47 ,1160.91 ,43098.75 ,0.03 ,37.12 ,2394.37 ,0.41 ,22,3,1,3,2,0,11,2,2,1,0,5,2,2,100.0,2,0,0,0,3,0,0,0,0,2,0,7,5,0,0,0,0,0,0,0,0,0,0,0,0,0,0,0,0,0,1,0,0,0,0,0,0,2,0,0,0,0,0,0,6,4,8,0,2,12,14,14,6,1,0,0,1,0,0,0,0,0,0,1,1,0.36363636363636365,0,0.2727272727272727,0.10909090909090909,0.5272727272727272,0.6363636363636364,0.0,0.09090909090909091,0.0,0.4909090909090909,0.8793298628248477,0.7205761187291644
values_43,179 ,27 ,73 ,38 ,252 ,65 ,1517.64 ,39358.71 ,0.04 ,25.93 ,2186.59 ,0.39 ,22,3,1,3,2,0,11,2,2,1,0,5,2,2,100.0,2,0,0,0,3,0,0,0,0,2,0,7,12,0,0,0,0,0,0,0,0,0,0,0,0,0,0,0,0,0,1,0,0,0,0,0,0,2,0,0,0,0,0,0,6,4,8,0,2,12,14,14,6,1,0,0,1,0,0,0,0,0,0,1,1,0.36363636363636365,0,0.2727272727272727,0.0821917808219178,0.3972602739726027,0.4794520547945205,0.0,0.09090909090909091,0.0,0.3698630136986301,0.8258458420634012,0.5907841776295001
values_2,177 ,27 ,70 ,35 ,247 ,62 ,1470.69 ,39708.54 ,0.04 ,27 ,2206.03 ,0.39 ,22,3,1,3,2,0,11,2,2,1,0,5,2,2,100.0,2,0,0,0,3,0,0,0,0,2,0,7,13,0,0,0,0,0,0,0,0,0,0,0,0,0,0,0,0,0,1,0,0,0,0,0,0,2,0,0,0,0,0,0,6,4,8,0,2,12,14,14,6,1,0,0,1,0,0,0,0,0,0,1,1,0.36363636363636365,0,0.2727272727272727,0.08571428571428572,0.4142857142857143,0.5,0.0,0.09090909090909091,0.0,0.38571428571428573,0.8345918366651439,0.6112538386014243
values_54,182 ,27 ,72 ,37 ,254 ,64 ,1524 ,40035.89 ,0.04 ,26.27 ,2224.22 ,0.39 ,22,3,1,3,2,0,11,2,2,1,0,5,2,2,100.0,2,0,0,0,3,0,0,0,0,2,0,7,16,0,0,0,0,0,0,0,0,0,0,0,0,0,0,0,0,0,1,0,0,0,0,0,0,2,0,0,0,0,0,0,6,4,8,0,2,12,14,14,6,1,0,0,1,0,0,0,0,0,0,1,1,0.36363636363636365,0,0.2727272727272727,0.08333333333333333,0.4027777777777778,0.4861111111111111,0.0,0.09090909090909091,0.0,0.375,0.8287508038247262,0.5975409912408765
values_30,179 ,27 ,75 ,40 ,254 ,67 ,1540.79 ,39001.16 ,0.04 ,25.31 ,2166.73 ,0.38 ,22,3,1,3,2,0,11,2,2,1,0,5,2,2,100.0,2,0,0,0,3,0,0,0,0,2,0,7,10,0,0,0,0,0,0,0,0,0,0,0,0,0,0,0,0,0,1,0,0,0,0,0,0,2,0,0,0,0,0,0,6,4,8,0,2,12,14,14,6,1,0,0,1,0,0,0,0,0,0,1,1,0.36363636363636365,0,0.2727272727272727,0.08,0.38666666666666666,0.4666666666666667,0.0,0.09090909090909091,0.0,0.36,0.820069029325662,0.5774784855848725
values_59,161 ,27 ,60 ,25 ,221 ,52 ,1259.80 ,40817.43 ,0.03 ,32.40 ,2267.63 ,0.40 ,22,3,1,3,2,0,11,2,2,1,0,5,2,2,100.0,2,0,0,0,3,0,0,0,0,2,0,7,7,0,0,0,0,0,0,0,0,0,0,0,0,0,0,0,0,0,1,0,0,0,0,0,0,2,0,0,0,0,0,0,6,4,8,0,2,12,14,14,6,1,0,0,1,0,0,0,0,0,0,1,1,0.36363636363636365,0,0.2727272727272727,0.1,0.48333333333333334,0.5833333333333334,0.0,0.09090909090909091,0.0,0.45,0.8642940038537685,0.6831832640940858
values_85,176 ,27 ,71 ,36 ,247 ,63 ,1476.39 ,39308.83 ,0.04 ,26.62 ,2183.82 ,0.39 ,22,3,1,3,2,0,11,2,2,1,0,5,2,2,100.0,2,0,0,0,3,0,0,0,0,2,0,7,11,0,0,0,0,0,0,0,0,0,0,0,0,0,0,0,0,0,1,0,0,0,0,0,0,2,0,0,0,0,0,0,6,4,8,0,2,12,14,14,6,1,0,0,1,0,0,0,0,0,0,1,1,0.36363636363636365,0,0.2727272727272727,0.08450704225352113,0.4084507042253521,0.49295774647887325,0.0,0.09090909090909091,0.0,0.38028169014084506,0.8316662755024893,0.6043648470659476
values_74,159 ,27 ,60 ,25 ,219 ,52 ,1248.40 ,40448.04 ,0.03 ,32.40 ,2247.11 ,0.39 ,22,3,1,3,2,0,11,2,2,1,0,5,2,2,100.0,2,0,0,0,3,0,0,0,0,2,0,7,5,0,0,0,0,0,0,0,0,0,0,0,0,0,0,0,0,0,1,0,0,0,0,0,0,2,0,0,0,0,0,0,6,4,8,0,2,12,14,14,6,1,0,0,1,0,0,0,0,0,0,1,1,0.36363636363636365,0,0.2727272727272727,0.1,0.48333333333333334,0.5833333333333334,0.0,0.09090909090909091,0.0,0.45,0.8642940038537685,0.6831832640940858
values_90,184 ,27 ,78 ,43 ,262 ,70 ,1605.87 ,39325.19 ,0.04 ,24.49 ,2184.73 ,0.39 ,22,3,1,3,2,0,11,2,2,1,0,5,2,2,100.0,2,0,0,0,3,0,0,0,0,2,0,7,12,0,0,0,0,0,0,0,0,0,0,0,0,0,0,0,0,0,1,0,0,0,0,0,0,2,0,0,0,0,0,0,6,4,8,0,2,12,14,14,6,1,0,0,1,0,0,0,0,0,0,1,1,0.36363636363636365,0,0.2727272727272727,0.07692307692307693,0.3717948717948718,0.44871794871794873,0.0,0.09090909090909091,0.0,0.34615384615384615,0.811492013957779,0.5580612076470005
values_18,195 ,27 ,82 ,47 ,277 ,74 ,1720.02 ,40511.93 ,0.04 ,23.55 ,2250.66 ,0.39 ,22,3,1,3,2,0,11,2,2,1,0,5,2,2,100.0,2,0,0,0,3,0,0,0,0,2,0,7,19,0,0,0,0,0,0,0,0,0,0,0,0,0,0,0,0,0,1,0,0,0,0,0,0,2,0,0,0,0,0,0,6,4,8,0,2,12,14,14,6,1,0,0,1,0,0,0,0,0,0,1,1,0.36363636363636365,0,0.2727272727272727,0.07317073170731707,0.35365853658536583,0.4268292682926829,0.0,0.09090909090909091,0.0,0.32926829268292684,0.8002339651940121,0.5332265262209428
values_52,184 ,27 ,78 ,43 ,262 ,70 ,1605.87 ,39325.19 ,0.04 ,24.49 ,2184.73 ,0.39 ,22,3,1,3,2,0,11,2,2,1,0,5,2,2,100.0,2,0,0,0,3,0,0,0,0,2,0,7,12,0,0,0,0,0,0,0,0,0,0,0,0,0,0,0,0,0,1,0,0,0,0,0,0,2,0,0,0,0,0,0,6,4,8,0,2,12,14,14,6,1,0,0,1,0,0,0,0,0,0,1,1,0.36363636363636365,0,0.2727272727272727,0.07692307692307693,0.3717948717948718,0.44871794871794873,0.0,0.09090909090909091,0.0,0.34615384615384615,0.811492013957779,0.5580612076470005
values_44,151 ,27 ,55 ,20 ,206 ,47 ,1144.25 ,42480.11 ,0.03 ,37.12 ,2360.01 ,0.41 ,22,3,1,3,2,0,11,2,2,1,0,5,2,2,100.0,2,0,0,0,3,0,0,0,0,2,0,7,2,0,0,0,0,0,0,0,0,0,0,0,0,0,0,0,0,0,1,0,0,0,0,0,0,2,0,0,0,0,0,0,6,4,8,0,2,12,14,14,6,1,0,0,1,0,0,0,0,0,0,1,1,0.36363636363636365,0,0.2727272727272727,0.10909090909090909,0.5272727272727272,0.6363636363636364,0.0,0.09090909090909091,0.0,0.4909090909090909,0.8793298628248477,0.7205761187291644
values_17,187 ,27 ,77 ,42 ,264 ,69 ,1612.65 ,39913.10 ,0.04 ,24.75 ,2217.39 ,0.39 ,22,3,1,3,2,0,11,2,2,1,0,5,2,2,100.0,2,0,0,0,3,0,0,0,0,2,0,7,16,0,0,0,0,0,0,0,0,0,0,0,0,0,0,0,0,0,1,0,0,0,0,0,0,2,0,0,0,0,0,0,6,4,8,0,2,12,14,14,6,1,0,0,1,0,0,0,0,0,0,1,1,0.36363636363636365,0,0.2727272727272727,0.07792207792207792,0.37662337662337664,0.4545454545454546,0.0,0.09090909090909091,0.0,0.35064935064935066,0.8143388068582642,0.5644598129807868
values_36,173 ,27 ,68 ,33 ,241 ,60 ,1423.56 ,39600.87 ,0.04 ,27.82 ,2200.05 ,0.39 ,22,3,1,3,2,0,11,2,2,1,0,5,2,2,100.0,2,0,0,0,3,0,0,0,0,2,0,7,11,0,0,0,0,0,0,0,0,0,0,0,0,0,0,0,0,0,1,0,0,0,0,0,0,2,0,0,0,0,0,0,6,4,8,0,2,12,14,14,6,1,0,0,1,0,0,0,0,0,0,1,1,0.36363636363636365,0,0.2727272727272727,0.08823529411764706,0.4264705882352941,0.5147058823529411,0.0,0.09090909090909091,0.0,0.39705882352941174,0.8404714404030368,0.6252187592336584
values_49,162 ,27 ,62 ,27 ,224 ,54 ,1289.09 ,39961.94 ,0.03 ,31 ,2220.11 ,0.39 ,22,3,1,3,2,0,11,2,2,1,0,5,2,2,100.0,2,0,0,0,3,0,0,0,0,2,0,7,6,0,0,0,0,0,0,0,0,0,0,0,0,0,0,0,0,0,1,0,0,0,0,0,0,2,0,0,0,0,0,0,6,4,8,0,2,12,14,14,6,1,0,0,1,0,0,0,0,0,0,1,1,0.36363636363636365,0,0.2727272727272727,0.0967741935483871,0.46774193548387094,0.564516129032258,0.0,0.09090909090909091,0.0,0.43548387096774194,0.85830186678133,0.6684251257948038
values_86,150 ,27 ,54 ,19 ,204 ,46 ,1126.81 ,43233.79 ,0.03 ,38.37 ,2401.88 ,0.41 ,22,3,1,3,2,0,11,2,2,1,0,5,2,2,100.0,2,0,0,0,3,0,0,0,0,2,0,7,2,0,0,0,0,0,0,0,0,0,0,0,0,0,0,0,0,0,1,0,0,0,0,0,0,2,0,0,0,0,0,0,6,4,8,0,2,12,14,14,6,1,0,0,1,0,0,0,0,0,0,1,1,0.36363636363636365,0,0.2727272727272727,0.1111111111111111,0.5370370370370371,0.6481481481481481,0.0,0.09090909090909091,0.0,0.5,0.8823403436202849,0.7281055520234063
values_37,179 ,27 ,71 ,36 ,250 ,63 ,1494.32 ,39786.27 ,0.04 ,26.62 ,2210.35 ,0.39 ,22,3,1,3,2,0,11,2,2,1,0,5,2,2,100.0,2,0,0,0,3,0,0,0,0,2,0,7,14,0,0,0,0,0,0,0,0,0,0,0,0,0,0,0,0,0,1,0,0,0,0,0,0,2,0,0,0,0,0,0,6,4,8,0,2,12,14,14,6,1,0,0,1,0,0,0,0,0,0,1,1,0.36363636363636365,0,0.2727272727272727,0.08450704225352113,0.4084507042253521,0.49295774647887325,0.0,0.09090909090909091,0.0,0.38028169014084506,0.8316662755024893,0.6043648470659476
values_56,183 ,27 ,72 ,37 ,255 ,64 ,1530 ,40193.51 ,0.04 ,26.27 ,2232.97 ,0.39 ,22,3,1,3,2,0,11,2,2,1,0,5,2,2,100.0,2,0,0,0,3,0,0,0,0,2,0,7,17,0,0,0,0,0,0,0,0,0,0,0,0,0,0,0,0,0,1,0,0,0,0,0,0,2,0,0,0,0,0,0,6,4,8,0,2,12,14,14,6,1,0,0,1,0,0,0,0,0,0,1,1,0.36363636363636365,0,0.2727272727272727,0.08333333333333333,0.4027777777777778,0.4861111111111111,0.0,0.09090909090909091,0.0,0.375,0.8287508038247262,0.5975409912408765
values_63,149 ,27 ,52 ,17 ,201 ,44 ,1097.35 ,45313.92 ,0.02 ,41.29 ,2517.44 ,0.42 ,22,3,1,3,2,0,11,2,2,1,0,5,2,2,100.0,2,0,0,0,3,0,0,0,0,2,0,7,3,0,0,0,0,0,0,0,0,0,0,0,0,0,0,0,0,0,1,0,0,0,0,0,0,2,0,0,0,0,0,0,6,4,8,0,2,12,14,14,6,1,0,0,1,0,0,0,0,0,0,1,1,0.36363636363636365,0,0.2727272727272727,0.11538461538461539,0.5576923076923077,0.6730769230769231,0.0,0.09090909090909091,0.0,0.5192307692307693,0.8883577474297277,0.7431777561672954
values_35,189 ,27 ,79 ,44 ,268 ,71 ,1648.13 ,39948.48 ,0.04 ,24.24 ,2219.36 ,0.39 ,22,3,1,3,2,0,11,2,2,1,0,5,2,2,100.0,2,0,0,0,3,0,0,0,0,2,0,7,16,0,0,0,0,0,0,0,0,0,0,0,0,0,0,0,0,0,1,0,0,0,0,0,0,2,0,0,0,0,0,0,6,4,8,0,2,12,14,14,6,1,0,0,1,0,0,0,0,0,0,1,1,0.36363636363636365,0,0.2727272727272727,0.0759493670886076,0.3670886075949367,0.44303797468354433,0.0,0.09090909090909091,0.0,0.34177215189873417,0.8086578498672482,0.5517377877647609
values_97,154 ,27 ,55 ,20 ,209 ,47 ,1160.91 ,43098.75 ,0.03 ,37.12 ,2394.37 ,0.41 ,22,3,1,3,2,0,11,2,2,1,0,5,2,2,100.0,2,0,0,0,3,0,0,0,0,2,0,7,5,0,0,0,0,0,0,0,0,0,0,0,0,0,0,0,0,0,1,0,0,0,0,0,0,2,0,0,0,0,0,0,6,4,8,0,2,12,14,14,6,1,0,0,1,0,0,0,0,0,0,1,1,0.36363636363636365,0,0.2727272727272727,0.10909090909090909,0.5272727272727272,0.6363636363636364,0.0,0.09090909090909091,0.0,0.4909090909090909,0.8793298628248477,0.7205761187291644
values_75,155 ,27 ,56 ,21 ,211 ,48 ,1178.43 ,42423.38 ,0.03 ,36 ,2356.85 ,0.41 ,22,3,1,3,2,0,11,2,2,1,0,5,2,2,100.0,2,0,0,0,3,0,0,0,0,2,0,7,5,0,0,0,0,0,0,0,0,0,0,0,0,0,0,0,0,0,1,0,0,0,0,0,0,2,0,0,0,0,0,0,6,4,8,0,2,12,14,14,6,1,0,0,1,0,0,0,0,0,0,1,1,0.36363636363636365,0,0.2727272727272727,0.10714285714285714,0.5178571428571429,0.625,0.0,0.09090909090909091,0.0,0.48214285714285715,0.8763193861368493,0.7130575823491223
values_57,170 ,27 ,69 ,34 ,239 ,61 ,1417.45 ,38833.86 ,0.04 ,27.40 ,2157.44 ,0.38 ,22,3,1,3,2,0,11,2,2,1,0,5,2,2,100.0,2,0,0,0,3,0,0,0,0,2,0,7,7,0,0,0,0,0,0,0,0,0,0,0,0,0,0,0,0,0,1,0,0,0,0,0,0,2,0,0,0,0,0,0,6,4,8,0,2,12,14,14,6,1,0,0,1,0,0,0,0,0,0,1,1,0.36363636363636365,0,0.2727272727272727,0.08695652173913043,0.42028985507246375,0.5072463768115942,0.0,0.09090909090909091,0.0,0.391304347826087,0.8375270459537894,0.6182058912934862
values_88,168 ,27 ,65 ,30 ,233 ,57 ,1359.06 ,39752.60 ,0.03 ,29.25 ,2208.48 ,0.39 ,22,3,1,3,2,0,11,2,2,1,0,5,2,2,100.0,2,0,0,0,3,0,0,0,0,2,0,7,9,0,0,0,0,0,0,0,0,0,0,0,0,0,0,0,0,0,1,0,0,0,0,0,0,2,0,0,0,0,0,0,6,4,8,0,2,12,14,14,6,1,0,0,1,0,0,0,0,0,0,1,1,0.36363636363636365,0,0.2727272727272727,0.09230769230769231,0.4461538461538462,0.5384615384615385,0.0,0.09090909090909091,0.0,0.4153846153846154,0.8493547661605837,0.6465971693543685
values_10,178 ,27 ,75 ,40 ,253 ,67 ,1534.72 ,38847.61 ,0.04 ,25.31 ,2158.20 ,0.38 ,22,3,1,3,2,0,11,2,2,1,0,5,2,2,100.0,2,0,0,0,3,0,0,0,0,2,0,7,9,0,0,0,0,0,0,0,0,0,0,0,0,0,0,0,0,0,1,0,0,0,0,0,0,2,0,0,0,0,0,0,6,4,8,0,2,12,14,14,6,1,0,0,1,0,0,0,0,0,0,1,1,0.36363636363636365,0,0.2727272727272727,0.08,0.38666666666666666,0.4666666666666667,0.0,0.09090909090909091,0.0,0.36,0.820069029325662,0.5774784855848725
values_53,185 ,27 ,74 ,39 ,259 ,66 ,1565.50 ,40100.84 ,0.04 ,25.62 ,2227.82 ,0.39 ,22,3,1,3,2,0,11,2,2,1,0,5,2,2,100.0,2,0,0,0,3,0,0,0,0,2,0,7,17,0,0,0,0,0,0,0,0,0,0,0,0,0,0,0,0,0,1,0,0,0,0,0,0,2,0,0,0,0,0,0,6,4,8,0,2,12,14,14,6,1,0,0,1,0,0,0,0,0,0,1,1,0.36363636363636365,0,0.2727272727272727,0.08108108108108109,0.3918918918918919,0.47297297297297297,0.0,0.09090909090909091,0.0,0.36486486486486486,0.8229517903833793,0.5840961484168833
values_8,166 ,27 ,66 ,31 ,232 ,58 ,1359.05 ,39061.77 ,0.03 ,28.74 ,2170.10 ,0.38 ,22,3,1,3,2,0,11,2,2,1,0,5,2,2,100.0,2,0,0,0,3,0,0,0,0,2,0,7,6,0,0,0,0,0,0,0,0,0,0,0,0,0,0,0,0,0,1,0,0,0,0,0,0,2,0,0,0,0,0,0,6,4,8,0,2,12,14,14,6,1,0,0,1,0,0,0,0,0,0,1,1,0.36363636363636365,0,0.2727272727272727,0.09090909090909091,0.4393939393939394,0.5303030303030303,0.0,0.09090909090909091,0.0,0.4090909090909091,0.8463858206800509,0.6394170839833676
values_39,171 ,27 ,67 ,32 ,238 ,59 ,1400.07 ,39573.83 ,0.04 ,28.27 ,2198.55 ,0.39 ,22,3,1,3,2,0,11,2,2,1,0,5,2,2,100.0,2,0,0,0,3,0,0,0,0,2,0,7,10,0,0,0,0,0,0,0,0,0,0,0,0,0,0,0,0,0,1,0,0,0,0,0,0,2,0,0,0,0,0,0,6,4,8,0,2,12,14,14,6,1,0,0,1,0,0,0,0,0,0,1,1,0.36363636363636365,0,0.2727272727272727,0.08955223880597014,0.43283582089552236,0.5223880597014925,0.0,0.09090909090909091,0.0,0.40298507462686567,0.8434245347427621,0.632290022327949
values_47,190 ,27 ,78 ,43 ,268 ,70 ,1642.65 ,40225.77 ,0.04 ,24.49 ,2234.77 ,0.39 ,22,3,1,3,2,0,11,2,2,1,0,5,2,2,100.0,2,0,0,0,3,0,0,0,0,2,0,7,18,0,0,0,0,0,0,0,0,0,0,0,0,0,0,0,0,0,1,0,0,0,0,0,0,2,0,0,0,0,0,0,6,4,8,0,2,12,14,14,6,1,0,0,1,0,0,0,0,0,0,1,1,0.36363636363636365,0,0.2727272727272727,0.07692307692307693,0.3717948717948718,0.44871794871794873,0.0,0.09090909090909091,0.0,0.34615384615384615,0.811492013957779,0.5580612076470005
values_60,184 ,27 ,77 ,42 ,261 ,69 ,1594.32 ,39459.54 ,0.04 ,24.75 ,2192.20 ,0.39 ,22,3,1,3,2,0,11,2,2,1,0,5,2,2,100.0,2,0,0,0,3,0,0,0,0,2,0,7,13,0,0,0,0,0,0,0,0,0,0,0,0,0,0,0,0,0,1,0,0,0,0,0,0,2,0,0,0,0,0,0,6,4,8,0,2,12,14,14,6,1,0,0,1,0,0,0,0,0,0,1,1,0.36363636363636365,0,0.2727272727272727,0.07792207792207792,0.37662337662337664,0.4545454545454546,0.0,0.09090909090909091,0.0,0.35064935064935066,0.8143388068582642,0.5644598129807868
values_89,175 ,27 ,70 ,35 ,245 ,62 ,1458.78 ,39387.01 ,0.04 ,27 ,2188.17 ,0.39 ,22,3,1,3,2,0,11,2,2,1,0,5,2,2,100.0,2,0,0,0,3,0,0,0,0,2,0,7,11,0,0,0,0,0,0,0,0,0,0,0,0,0,0,0,0,0,1,0,0,0,0,0,0,2,0,0,0,0,0,0,6,4,8,0,2,12,14,14,6,1,0,0,1,0,0,0,0,0,0,1,1,0.36363636363636365,0,0.2727272727272727,0.08571428571428572,0.4142857142857143,0.5,0.0,0.09090909090909091,0.0,0.38571428571428573,0.8345918366651439,0.6112538386014243
values_51,183 ,27 ,75 ,40 ,258 ,67 ,1565.05 ,39615.35 ,0.04 ,25.31 ,2200.85 ,0.39 ,22,3,1,3,2,0,11,2,2,1,0,5,2,2,100.0,2,0,0,0,3,0,0,0,0,2,0,7,14,0,0,0,0,0,0,0,0,0,0,0,0,0,0,0,0,0,1,0,0,0,0,0,0,2,0,0,0,0,0,0,6,4,8,0,2,12,14,14,6,1,0,0,1,0,0,0,0,0,0,1,1,0.36363636363636365,0,0.2727272727272727,0.08,0.38666666666666666,0.4666666666666667,0.0,0.09090909090909091,0.0,0.36,0.820069029325662,0.5774784855848725
values_14,160 ,27 ,59 ,24 ,219 ,51 ,1242.26 ,41227.54 ,0.03 ,33.19 ,2290.42 ,0.40 ,22,3,1,3,2,0,11,2,2,1,0,5,2,2,100.0,2,0,0,0,3,0,0,0,0,2,0,7,7,0,0,0,0,0,0,0,0,0,0,0,0,0,0,0,0,0,1,0,0,0,0,0,0,2,0,0,0,0,0,0,6,4,8,0,2,12,14,14,6,1,0,0,1,0,0,0,0,0,0,1,1,0.36363636363636365,0,0.2727272727272727,0.1016949152542373,0.4915254237288136,0.5932203389830508,0.0,0.09090909090909091,0.0,0.4576271186440678,0.8672963041752912,0.6906131755679562
values_28,182 ,27 ,75 ,40 ,257 ,67 ,1558.98 ,39461.81 ,0.04 ,25.31 ,2192.32 ,0.39 ,22,3,1,3,2,0,11,2,2,1,0,5,2,2,100.0,2,0,0,0,3,0,0,0,0,2,0,7,13,0,0,0,0,0,0,0,0,0,0,0,0,0,0,0,0,0,1,0,0,0,0,0,0,2,0,0,0,0,0,0,6,4,8,0,2,12,14,14,6,1,0,0,1,0,0,0,0,0,0,1,1,0.36363636363636365,0,0.2727272727272727,0.08,0.38666666666666666,0.4666666666666667,0.0,0.09090909090909091,0.0,0.36,0.820069029325662,0.5774784855848725
values_16,172 ,27 ,68 ,33 ,240 ,60 ,1417.65 ,39436.55 ,0.04 ,27.82 ,2190.92 ,0.39 ,22,3,1,3,2,0,11,2,2,1,0,5,2,2,100.0,2,0,0,0,3,0,0,0,0,2,0,7,10,0,0,0,0,0,0,0,0,0,0,0,0,0,0,0,0,0,1,0,0,0,0,0,0,2,0,0,0,0,0,0,6,4,8,0,2,12,14,14,6,1,0,0,1,0,0,0,0,0,0,1,1,0.36363636363636365,0,0.2727272727272727,0.08823529411764706,0.4264705882352941,0.5147058823529411,0.0,0.09090909090909091,0.0,0.39705882352941174,0.8404714404030368,0.6252187592336584
values_34,154 ,27 ,56 ,21 ,210 ,48 ,1172.84 ,42222.32 ,0.03 ,36 ,2345.68 ,0.40 ,22,3,1,3,2,0,11,2,2,1,0,5,2,2,100.0,2,0,0,0,3,0,0,0,0,2,0,7,4,0,0,0,0,0,0,0,0,0,0,0,0,0,0,0,0,0,1,0,0,0,0,0,0,2,0,0,0,0,0,0,6,4,8,0,2,12,14,14,6,1,0,0,1,0,0,0,0,0,0,1,1,0.36363636363636365,0,0.2727272727272727,0.10714285714285714,0.5178571428571429,0.625,0.0,0.09090909090909091,0.0,0.48214285714285715,0.8763193861368493,0.7130575823491223
values_82,160 ,27 ,61 ,26 ,221 ,53 ,1265.87 ,40094.01 ,0.03 ,31.67 ,2227.45 ,0.39 ,22,3,1,3,2,0,11,2,2,1,0,5,2,2,100.0,2,0,0,0,3,0,0,0,0,2,0,7,5,0,0,0,0,0,0,0,0,0,0,0,0,0,0,0,0,0,1,0,0,0,0,0,0,2,0,0,0,0,0,0,6,4,8,0,2,12,14,14,6,1,0,0,1,0,0,0,0,0,0,1,1,0.36363636363636365,0,0.2727272727272727,0.09836065573770492,0.47540983606557374,0.5737704918032787,0.0,0.09090909090909091,0.0,0.4426229508196721,0.8612956275909336,0.6757859657787789
values_46,183 ,27 ,74 ,39 ,257 ,66 ,1553.41 ,39791.18 ,0.04 ,25.62 ,2210.62 ,0.39 ,22,3,1,3,2,0,11,2,2,1,0,5,2,2,100.0,2,0,0,0,3,0,0,0,0,2,0,7,15,0,0,0,0,0,0,0,0,0,0,0,0,0,0,0,0,0,1,0,0,0,0,0,0,2,0,0,0,0,0,0,6,4,8,0,2,12,14,14,6,1,0,0,1,0,0,0,0,0,0,1,1,0.36363636363636365,0,0.2727272727272727,0.08108108108108109,0.3918918918918919,0.47297297297297297,0.0,0.09090909090909091,0.0,0.36486486486486486,0.8229517903833793,0.5840961484168833
values_27,179 ,27 ,72 ,37 ,251 ,64 ,1506 ,39563.03 ,0.04 ,26.27 ,2197.95 ,0.39 ,22,3,1,3,2,0,11,2,2,1,0,5,2,2,100.0,2,0,0,0,3,0,0,0,0,2,0,7,13,0,0,0,0,0,0,0,0,0,0,0,0,0,0,0,0,0,1,0,0,0,0,0,0,2,0,0,0,0,0,0,6,4,8,0,2,12,14,14,6,1,0,0,1,0,0,0,0,0,0,1,1,0.36363636363636365,0,0.2727272727272727,0.08333333333333333,0.4027777777777778,0.4861111111111111,0.0,0.09090909090909091,0.0,0.375,0.8287508038247262,0.5975409912408765
values_20,190 ,27 ,79 ,44 ,269 ,71 ,1654.28 ,40097.54 ,0.04 ,24.24 ,2227.64 ,0.39 ,22,3,1,3,2,0,11,2,2,1,0,5,2,2,100.0,2,0,0,0,3,0,0,0,0,2,0,7,17,0,0,0,0,0,0,0,0,0,0,0,0,0,0,0,0,0,1,0,0,0,0,0,0,2,0,0,0,0,0,0,6,4,8,0,2,12,14,14,6,1,0,0,1,0,0,0,0,0,0,1,1,0.36363636363636365,0,0.2727272727272727,0.0759493670886076,0.3670886075949367,0.44303797468354433,0.0,0.09090909090909091,0.0,0.34177215189873417,0.8086578498672482,0.5517377877647609
values_9,178 ,27 ,70 ,35 ,248 ,62 ,1476.64 ,39869.30 ,0.04 ,27 ,2214.96 ,0.39 ,22,3,1,3,2,0,11,2,2,1,0,5,2,2,100.0,2,0,0,0,3,0,0,0,0,2,0,7,14,0,0,0,0,0,0,0,0,0,0,0,0,0,0,0,0,0,1,0,0,0,0,0,0,2,0,0,0,0,0,0,6,4,8,0,2,12,14,14,6,1,0,0,1,0,0,0,0,0,0,1,1,0.36363636363636365,0,0.2727272727272727,0.08571428571428572,0.4142857142857143,0.5,0.0,0.09090909090909091,0.0,0.38571428571428573,0.8345918366651439,0.6112538386014243
values_92,158 ,27 ,58 ,23 ,216 ,50 ,1219.07 ,41501.48 ,0.03 ,34.04 ,2305.64 ,0.40 ,22,3,1,3,2,0,11,2,2,1,0,5,2,2,100.0,2,0,0,0,3,0,0,0,0,2,0,7,6,0,0,0,0,0,0,0,0,0,0,0,0,0,0,0,0,0,1,0,0,0,0,0,0,2,0,0,0,0,0,0,6,4,8,0,2,12,14,14,6,1,0,0,1,0,0,0,0,0,0,1,1,0.36363636363636365,0,0.2727272727272727,0.10344827586206896,0.5,0.603448275862069,0.0,0.09090909090909091,0.0,0.46551724137931033,0.8703018075775362,0.6980716831132715
values_3,170 ,27 ,68 ,33 ,238 ,60 ,1405.84 ,39107.91 ,0.04 ,27.82 ,2172.66 ,0.38 ,22,3,1,3,2,0,11,2,2,1,0,5,2,2,100.0,2,0,0,0,3,0,0,0,0,2,0,7,8,0,0,0,0,0,0,0,0,0,0,0,0,0,0,0,0,0,1,0,0,0,0,0,0,2,0,0,0,0,0,0,6,4,8,0,2,12,14,14,6,1,0,0,1,0,0,0,0,0,0,1,1,0.36363636363636365,0,0.2727272727272727,0.08823529411764706,0.4264705882352941,0.5147058823529411,0.0,0.09090909090909091,0.0,0.39705882352941174,0.8404714404030368,0.6252187592336584
values_98,186 ,27 ,77 ,42 ,263 ,69 ,1606.54 ,39761.91 ,0.04 ,24.75 ,2209.00 ,0.39 ,22,3,1,3,2,0,11,2,2,1,0,5,2,2,100.0,2,0,0,0,3,0,0,0,0,2,0,7,15,0,0,0,0,0,0,0,0,0,0,0,0,0,0,0,0,0,1,0,0,0,0,0,0,2,0,0,0,0,0,0,6,4,8,0,2,12,14,14,6,1,0,0,1,0,0,0,0,0,0,1,1,0.36363636363636365,0,0.2727272727272727,0.07792207792207792,0.37662337662337664,0.4545454545454546,0.0,0.09090909090909091,0.0,0.35064935064935066,0.8143388068582642,0.5644598129807868
values_29,160 ,27 ,61 ,26 ,221 ,53 ,1265.87 ,40094.01 ,0.03 ,31.67 ,2227.45 ,0.39 ,22,3,1,3,2,0,11,2,2,1,0,5,2,2,100.0,2,0,0,0,3,0,0,0,0,2,0,7,5,0,0,0,0,0,0,0,0,0,0,0,0,0,0,0,0,0,1,0,0,0,0,0,0,2,0,0,0,0,0,0,6,4,8,0,2,12,14,14,6,1,0,0,1,0,0,0,0,0,0,1,1,0.36363636363636365,0,0.2727272727272727,0.09836065573770492,0.47540983606557374,0.5737704918032787,0.0,0.09090909090909091,0.0,0.4426229508196721,0.8612956275909336,0.6757859657787789
values_80,150 ,27 ,55 ,20 ,205 ,47 ,1138.69 ,42273.89 ,0.03 ,37.12 ,2348.55 ,0.40 ,22,3,1,3,2,0,11,2,2,1,0,5,2,2,100.0,2,0,0,0,3,0,0,0,0,2,0,7,1,0,0,0,0,0,0,0,0,0,0,0,0,0,0,0,0,0,1,0,0,0,0,0,0,2,0,0,0,0,0,0,6,4,8,0,2,12,14,14,6,1,0,0,1,0,0,0,0,0,0,1,1,0.36363636363636365,0,0.2727272727272727,0.10909090909090909,0.5272727272727272,0.6363636363636364,0.0,0.09090909090909091,0.0,0.4909090909090909,0.8793298628248477,0.7205761187291644
values_73,186 ,27 ,77 ,42 ,263 ,69 ,1606.54 ,39761.91 ,0.04 ,24.75 ,2209.00 ,0.39 ,22,3,1,3,2,0,11,2,2,1,0,5,2,2,100.0,2,0,0,0,3,0,0,0,0,2,0,7,15,0,0,0,0,0,0,0,0,0,0,0,0,0,0,0,0,0,1,0,0,0,0,0,0,2,0,0,0,0,0,0,6,4,8,0,2,12,14,14,6,1,0,0,1,0,0,0,0,0,0,1,1,0.36363636363636365,0,0.2727272727272727,0.07792207792207792,0.37662337662337664,0.4545454545454546,0.0,0.09090909090909091,0.0,0.35064935064935066,0.8143388068582642,0.5644598129807868
